# SWC to SWC conversion from L-Measure. Sridevi Polavaram: spolavar@gmu.edu
# Original fileName:C:\postprocessing\Diniz_Final\Source_Temp1//CNT-3-DG-POL-5-Cell-8.T1.swc
#
# ORIGINAL_SOURCE 
# CREATURE 
# REGION 
# FIELD/LAYER 
# TYPE 
# CONTRIBUTOR 
# REFERENCE 
# RAW 
# EXTRAS 
# SOMA_AREA 
# SHRINKAGE_CORRECTION 
# VERSION_NUMBER 
# VERSION_DATE 
# ********************************************* 
# SCALE 1.0 1.0 1.0 
 1 1 0 0 0 2.38 -1
 2 1 -1.91 1.39 0 2.38 1
 3 1 1.91 -1.39 0 2.38 1
 4 7 -1.92 0.02 1.35 0.09 1
 5 7 -2.89 -1.27 1.35 0.09 4
 6 7 -3.22 -1.73 1.35 0.09 5
 7 7 -3.96 -2.75 1.35 0.09 6
 8 7 -4.17 -3.04 1.35 0.09 7
 9 7 -3.09 -4.28 1.35 0.09 8
 10 7 -3.02 -4.57 1.35 0.09 9
 11 7 -3.04 -4.98 1.35 0.09 10
 12 7 -2.86 -5.13 1.35 0.09 11
 13 7 -5.86 -4.98 1.35 0.09 8
 14 7 -6.32 -4.84 1.35 0.09 13
 15 7 -6.63 -4.88 1.35 0.09 14
 16 7 -7.82 -5.34 1.35 0.09 15
 17 7 -8.22 -5.51 1.35 0.09 16
 18 7 -9.01 -5.82 1.35 0.09 17
 19 7 -9.13 -5.98 1.35 0.09 18
 20 7 -9.93 -6.28 1.35 0.09 19
 21 7 -10.43 -6.59 1.35 0.09 20
 22 7 -11.14 -7.21 1.35 0.09 21
 23 7 -11.55 -7.38 1.35 0.09 22
 24 7 -11.94 -7.53 1.35 0.09 23
 25 7 -12.05 -7.67 1.35 0.09 24
 26 7 -12.15 -7.82 1.35 0.09 25
 27 7 -1.94 -0.38 1.63 0.09 1
 28 7 -3.41 -0.46 1.63 0.09 27
 29 7 -3.89 -0.33 1.63 0.09 28
 30 7 -4.28 -0.49 1.63 0.09 29
 31 7 -4.57 -0.5 1.63 0.09 30
 32 7 -7.9 0.33 1.63 0.09 31
 33 7 -8.38 0.46 1.63 0.09 32
 34 7 -8.56 0.6 1.63 0.09 33
 35 7 -8.85 0.56 1.63 0.09 34
 36 7 -9.63 0.68 1.63 0.09 35
 37 7 -10.57 0.92 1.63 0.09 36
 38 7 -11.14 1.32 1.63 0.09 37
 39 7 -11.42 1.32 1.63 0.09 38
 40 7 -11.6 1.45 1.63 0.09 39
 41 7 -11.81 1.14 1.63 0.09 40
 42 7 -14.18 0.61 1.63 0.09 41
 43 7 -14.5 0.17 1.63 0.09 42
 44 7 -14.93 -0.4 1.63 0.09 43
 45 7 -15.34 -0.56 1.63 0.09 44
 46 7 -16.25 -1.01 1.63 0.09 45
 47 7 -16.54 -1.04 1.63 0.09 46
 48 7 -16.86 -1.49 1.63 0.09 47
 49 7 -17.23 -1.63 1.63 0.09 48
 50 7 -17.77 -1.95 1.63 0.09 49
 51 7 -18.23 -1.82 1.63 0.09 50
 52 7 -18.53 -1.83 1.63 0.09 51
 53 7 -19.11 -1.87 1.63 0.09 52
 54 7 -19.52 -2.02 1.63 0.09 53
 55 7 -12.31 -3 1.6 0.09 41
 56 7 -12.34 -3.41 1.6 0.09 55
 57 7 -12.26 -3.7 1.6 0.09 56
 58 7 -11.85 -4.67 1.6 0.09 57
 59 7 -11.76 -4.96 1.6 0.09 58
 60 7 -11.25 -5.78 1.6 0.09 59
 61 7 -11.06 -5.92 1.6 0.09 60
 62 7 -0.89 -0.49 -1.45 0.09 1
 63 7 -1 -0.62 -1.45 0.09 62
 64 7 -1.73 -1.23 -1.45 0.09 63
 65 7 -2 -1.23 -1.45 0.09 64
 66 7 -2.3 -1.26 -1.45 0.09 65
 67 7 -3.65 -1.17 -1.45 0.09 66
 68 7 -4.03 -1.34 -1.45 0.09 67
 69 7 -4.32 -1.35 -1.45 0.09 68
 70 7 -5.25 -1.8 -1.45 0.09 69
 71 7 -5.55 -1.83 -1.45 0.09 70
 72 7 -5.65 -1.97 -1.45 0.09 71
 73 7 -5.98 -2.42 -1.45 0.09 72
 74 7 -6.36 -2.57 -1.45 0.09 73
 75 7 -4.8 -5.07 -1.45 0.09 74
 76 7 -4.84 -5.51 -1.45 0.09 75
 77 7 -4.94 -5.65 -1.45 0.09 76
 78 7 -5.05 -5.78 -1.45 0.09 77
 79 7 -8.92 -2.97 -1.52 0.09 74
 80 7 -10 -1.75 -1.52 0.09 79
 81 7 -8.42 0.02 -1.52 0.09 80
 82 7 -11.31 -1.23 -1.52 0.09 80
 83 7 -11.67 -0.95 -1.52 0.09 82
 84 7 -12.6 -0.28 -1.52 0.09 83
 85 7 -12.81 2.1 -1.6 0.09 84
 86 7 -12.6 2.4 -1.6 0.09 85
 87 7 -12.5 2.54 -1.6 0.09 86
 88 7 -14.65 0.75 -1.37 0.09 84
 89 7 -14.75 1.01 -1.37 0.09 88
 90 7 -15.36 2.84 -1.37 0.09 89
 91 7 -14.94 3.43 -1.37 0.09 90
 92 7 -14.72 3.73 -1.37 0.09 91
 93 7 -10.93 -5.34 -1.7 0.09 79
 94 7 -11.1 -5.21 -1.7 0.09 93
 95 7 -12.93 -5.01 -1.7 0.09 94
 96 7 -13.31 -4.75 -1.7 0.09 95
 97 7 -14.26 -4.51 -1.7 0.09 96
 98 7 -14.35 -4.65 -1.7 0.09 97
 99 7 -15.14 -4.53 -1.7 0.09 98
 100 7 -16.43 -3.59 -1.7 0.09 99
 101 7 -16.31 -3.44 -1.7 0.09 100
 102 7 -17.23 -2.76 -1.7 0.09 101
 103 7 -17.64 -2.94 -1.7 0.09 102
 104 7 -18.04 -3.1 -1.7 0.09 103
 105 7 -19.31 -2.17 -1.7 0.09 104
 106 7 -19.11 -1.87 -1.7 0.09 105
 107 7 -19.64 0.1 -1.7 0.09 106
 108 7 -20.02 0.37 -1.7 0.09 107
 109 7 -20.09 0.63 -1.7 0.09 108
 110 7 -20.44 1.35 -1.7 0.09 109
 111 7 -20.61 1.48 -1.7 0.09 110
 112 7 -20.95 2.17 -1.7 0.09 111
 113 7 -21.46 3 -1.7 0.09 112
 114 7 -21.54 3.28 -1.7 0.09 113
 115 7 -21.56 4.42 -1.7 0.09 114
 116 7 -21.62 6.28 -1.7 0.09 115
 117 7 -21.61 6.69 -1.7 0.09 116
 118 7 -21.69 6.98 -1.7 0.09 117
 119 7 -21.81 7.55 -1.7 0.09 118
 120 7 -21.8 7.96 -1.7 0.09 119
 121 7 -22.06 8.39 -1.7 0.09 120
 122 7 -22.61 8.78 -1.7 0.09 121
 123 7 -22.59 9.22 -1.7 0.09 122
 124 7 -12.64 -9.27 -1.7 0.09 94
 125 7 -12.69 -9.71 -1.7 0.09 124
 126 7 -13.14 -10.71 -1.7 0.09 125
 127 7 -13.44 -10.73 -1.7 0.09 126
 128 7 -13.82 -10.89 -1.7 0.09 127
 129 7 -13.93 -11.05 -1.7 0.09 128
 130 7 -14.44 -11.35 -1.7 0.09 129
 131 7 -14.65 -11.64 -1.7 0.09 130
 132 7 -14.96 -11.65 -1.7 0.09 131
 133 7 -15.36 -11.81 -1.7 0.09 132
 134 7 -15.68 -12.26 -1.7 0.09 133
 135 7 -15.97 -12.27 -1.7 0.09 134
 136 7 -16.44 -12.15 -1.7 0.09 135
 137 7 -16.55 -12.31 -1.7 0.09 136
 138 7 -16.85 -12.31 -1.7 0.09 137
 139 7 -17.79 -12.06 -1.7 0.09 138
 140 7 -18.27 -11.94 -1.7 0.09 139
 141 7 -18.64 -11.68 -1.7 0.09 140
 142 7 -18.76 -11.84 -1.7 0.09 141
 143 7 -19.34 -11.85 -1.7 0.09 142
 144 7 -19.8 -11.72 -1.7 0.09 143
 145 7 -20.18 -11.46 -1.7 0.09 144
 146 7 -20.46 -11.47 -1.7 0.09 145
 147 7 -1.5 0.18 -1.6 0.09 1
 148 7 -1.88 0.46 -1.6 0.09 147
 149 7 -1.97 0.74 -1.6 0.09 148
 150 7 -3.1 1.12 -1.6 0.09 149
 151 7 -3.56 1.23 -1.62 0.09 150
 152 7 -3.67 1.09 -1.62 0.09 151
 153 7 -4.26 1.05 -1.7 0.09 152
 154 7 -4.57 1.04 -1.7 0.09 153
 155 7 -4.96 0.89 -1.7 0.09 154
 156 7 -5.07 0.74 -1.7 0.09 155
 157 7 -5.46 0.57 -1.7 0.09 156
 158 7 -7.21 0.5 -2.25 0.09 157
 159 7 -7.17 0.93 -2.25 0.09 158
 160 7 -7.26 1.21 -2.25 0.09 159
 161 7 -7.42 1.77 -2.25 0.09 160
 162 7 -7.38 2.21 -2.25 0.09 161
 163 7 -7.17 2.5 -2.25 0.09 162
 164 7 -7 3.5 -2.25 0.09 163
 165 7 -6.78 3.79 -2.25 0.09 164
 166 7 -6.98 3.93 -2.25 0.09 165
 167 7 -0.87 1.07 -2.14 0.09 1
 168 7 -0.75 1.22 -2.14 0.09 167
 169 7 0.05 4.67 -2.2 0.09 168
 170 7 -0.07 6.8 -2.2 0.09 169
 171 7 -0.46 7.07 -2.2 0.09 170
 172 7 -0.37 7.94 -2.2 0.09 171
 173 7 -0.46 8.22 -2.2 0.09 172
 174 7 -0.34 8.36 -2.2 0.09 173
 175 7 -0.3 9.23 -2.2 0.09 174
 176 7 -1.26 10.6 -2.2 0.09 175
 177 7 -4.88 11.44 -2.2 0.09 176
 178 7 -0.91 14.18 -2.2 0.09 176
 179 7 -0.79 15.89 -2.2 0.09 178
 180 7 -1.73 17.7 -2.75 0.09 179
 181 7 -1.99 18.13 -2.75 0.09 180
 182 7 -2.7 19.1 -2.89 0.09 181
 183 7 -3.09 20.07 -2.89 0.09 182
 184 7 -3.59 21.34 -2.77 0.09 183
 185 7 -3.88 21.75 -2.77 0.09 184
 186 7 -4.23 22.02 -2.77 0.09 185
 187 7 -4.13 22.17 -2.77 0.09 186
 188 7 -5.13 23.11 -2.77 0.09 187
 189 7 -5.69 23.52 -2.83 0.09 188
 190 7 -5.76 23.8 -2.83 0.09 189
 191 7 -6.01 24.21 -2.83 0.09 190
 192 7 -6.32 25.36 -3.08 0.09 191
 193 7 -6.4 25.62 -3.14 0.09 192
 194 7 -6.46 25.9 -3.2 0.09 193
 195 7 -6.42 26.76 -3.2 0.09 194
 196 7 -6.67 27.19 -3.2 0.09 195
 197 7 -6.76 27.46 -3.2 0.09 196
 198 7 -7.01 27.87 -3.14 0.09 197
 199 7 -6.9 28.02 -3.14 0.09 198
 200 7 0.27 17.37 -2.45 0.09 179
 201 7 0.69 17.95 -2.45 0.09 200
 202 7 1.12 18.54 -2.5 0.09 201
 203 7 1.19 19.42 -2.58 0.09 202
 204 7 1.32 19.98 -2.58 0.09 203
 205 7 1.64 20.43 -2.64 0.09 204
 206 7 1.75 20.59 -2.64 0.09 205
 207 7 1.77 22.15 -2.64 0.09 206
 208 7 1.8 22.57 -2.64 0.09 207
 209 7 2.01 22.87 -2.64 0.09 208
 210 7 2 24.02 -2.64 0.09 209
 211 7 1.91 24.29 -2.64 0.09 210
 212 7 2.25 24.72 -2.64 0.09 211
 213 7 2.18 25.02 -2.64 0.09 212
 214 7 2.51 25.88 -2.64 0.09 213
 215 7 2.76 26.62 -2.64 0.09 214
 216 7 2.98 26.9 -2.64 0.09 215
 217 7 2.9 27.19 -2.64 0.09 216
 218 7 3 27.35 -2.64 0.09 217
 219 7 2.75 27.73 -2.64 0.09 218
 220 7 2.49 28.17 -2.64 0.09 219
 221 7 1.49 29.12 -2.64 0.09 220
 222 7 1.4 29.4 -2.64 0.09 221
 223 7 1.23 29.53 -2.64 0.09 222
 224 7 0.34 30.62 -2.64 0.09 223
 225 7 0.27 30.92 -2.64 0.09 224
 226 7 0.02 31.76 -2.64 0.09 225
 227 7 -0.28 32.47 -2.64 0.09 226
 228 7 -0.25 32.88 -2.64 0.09 227
 229 7 -0.01 33.61 -2.64 0.09 228
 230 7 0.07 33.75 -2.64 0.09 229
 231 7 0.18 33.9 -2.64 0.09 230
 232 7 4.96 21.87 -2.27 0.09 206
 233 7 5.23 21.87 -1.85 0.09 232
 234 7 5.53 21.88 -1.85 0.09 233
 235 7 6.69 21.93 -1.62 0.09 234
 236 7 7.17 21.81 -1.62 0.09 235
 237 7 7.76 21.85 -1.6 0.09 236
 238 7 8.14 21.57 -1.52 0.09 237
 239 7 3.33 6.11 -3.7 0.09 169
 240 7 3.99 7.01 -3.7 0.09 239
 241 7 4.48 7.3 -3.75 0.09 240
 242 7 5 7.61 -3.75 0.09 241
 243 7 5.21 7.9 -3.75 0.09 242
 244 7 4.67 11.01 -4.19 0.09 243
 245 7 4.4 11.43 -4.19 0.09 244
 246 7 4.42 11.86 -4.25 0.09 245
 247 7 4.26 11.98 -4.25 0.09 246
 248 7 4.17 12.27 -4.25 0.09 247
 249 7 3.78 13.67 -4.28 0.09 248
 250 7 3.81 14.1 -4.38 0.09 249
 251 7 3.74 14.39 -4.44 0.09 250
 252 7 3.65 14.68 -4.44 0.09 251
 253 7 3.95 15.82 -4.44 0.09 252
 254 7 3.86 16.11 -4.44 0.09 253
 255 7 4.07 16.39 -4.44 0.09 254
 256 7 4 16.69 -4.44 0.09 255
 257 7 4.55 17.86 -4.44 0.09 256
 258 7 4.8 18.56 -4.44 0.09 257
 259 7 4.73 18.86 -4.44 0.09 258
 260 7 4.78 19.29 -4.44 0.09 259
 261 7 5.4 20.15 -4.44 0.09 260
 262 7 5.98 21.32 -4.44 0.09 261
 263 7 6.01 21.76 -4.44 0.09 262
 264 7 6.23 22.06 -4.44 0.09 263
 265 7 6.13 22.34 -4.44 0.09 264
 266 7 6.36 22.63 -4.44 0.09 265
 267 7 6.28 22.93 -4.44 0.09 266
 268 7 6.5 23.21 -4.44 0.09 267
 269 7 6.84 24.09 -4.44 0.09 268
 270 7 6.8 24.79 -4.44 0.09 269
 271 7 8.85 27.6 -4.44 0.09 270
 272 7 8.86 28.02 -4.44 0.09 271
 273 7 9.09 28.3 -4.44 0.09 272
 274 7 9.11 28.76 -4.44 0.09 273
 275 7 9.43 29.19 -4.44 0.09 274
 276 7 9.55 29.35 -4.44 0.09 275
 277 7 9.28 29.75 -4.44 0.09 276
 278 7 9.02 30.17 -4.44 0.09 277
 279 7 8.77 30.6 -4.44 0.09 278
 280 7 8.57 30.72 -4.44 0.09 279
 281 7 7.67 8.15 -4.44 0.09 243
 282 7 8.19 8.89 -4.44 0.09 281
 283 7 8.52 9.34 -4.44 0.09 282
 284 7 8.63 9.48 -4.44 0.09 283
 285 7 -1.5 1.75 -1.95 0.09 1
 286 7 -1.52 2.9 -1.87 0.09 285
 287 7 -1.61 3.19 -1.87 0.09 286
 288 7 -1.49 3.33 -1.87 0.09 287
 289 7 -1.41 4.17 -1.87 0.09 288
 290 7 -1.69 4.59 -1.85 0.09 289
 291 7 -2.01 5.3 -1.85 0.09 290
 292 7 -2.38 6 -1.85 0.09 291
 293 7 -2.74 6.26 -1.85 0.09 292
 294 7 -5.84 7.4 -1.85 0.09 293
 295 7 -6.23 7.67 -1.85 0.09 294
 296 7 -6.3 7.96 -1.85 0.09 295
 297 7 -6.36 8.23 -1.85 0.09 296
 298 7 -7.11 8.77 -1.85 0.09 297
 299 7 -8.25 9.15 -1.85 0.09 298
 300 7 -8.8 9.56 -1.85 0.09 299
 301 7 -9.19 9.39 -1.85 0.09 300
 302 7 -9.39 9.52 -1.85 0.09 301
 303 7 -10.4 10.06 -1.85 0.09 302
 304 7 -10.89 10.18 -1.85 0.09 303
 305 7 -11.43 10.57 -1.85 0.09 304
 306 7 -12.35 11.25 -1.85 0.09 305
 307 7 -13.27 11.93 -1.85 0.09 306
 308 7 -13.35 12.21 -1.85 0.09 307
 309 7 -13.22 12.77 -1.85 0.09 308
 310 7 -12.68 13.51 -1.85 0.09 309
 311 7 -12.39 13.52 -1.85 0.09 310
 312 7 -12.27 13.68 -1.85 0.09 311
 313 7 -12.17 13.82 -1.85 0.09 312
 314 7 -12.55 14.1 -1.85 0.09 313
 315 7 -13.06 14.92 -1.85 0.09 314
 316 7 -13.05 15.35 -1.85 0.09 315
 317 7 -13.22 15.47 -1.85 0.09 316
 318 7 -13.56 16.19 -1.85 0.09 317
 319 7 -14.3 16.72 -1.85 0.09 318
 320 7 -14.56 17.13 -1.85 0.09 319
 321 7 -15.11 17.54 -1.85 0.09 320
 322 7 -16.04 18.21 -1.85 0.09 321
 323 7 -16.62 18.19 -1.85 0.09 322
 324 7 -17.02 18.02 -1.85 0.09 323
 325 7 -17.12 17.87 -1.85 0.09 324
 326 7 -18.12 17.27 -1.85 0.09 325
 327 7 -18.35 16.96 -1.85 0.09 326
 328 7 -18.27 16.68 -1.85 0.09 327
 329 7 -18.3 16.25 -1.85 0.09 328
 330 7 -18.23 15.97 -1.85 0.09 329
 331 7 -18.55 15.53 -1.85 0.09 330
 332 7 -18.67 15.39 -1.85 0.09 331
 333 7 -18.69 14.97 -1.85 0.09 332
 334 7 -18.79 14.81 -1.85 0.09 333
 335 7 -1.85 6.61 -2.25 0.09 293
 336 7 -2.88 8.39 -1.85 0.09 335
 337 7 -2.67 8.68 -1.85 0.09 336
 338 7 -2.63 9.11 -1.85 0.09 337
 339 7 -2.41 9.4 -1.85 0.09 338
 340 7 -2.43 10.56 -1.85 0.09 339
 341 7 -2.25 11.56 -1.85 0.09 340
 342 7 -2.33 11.84 -1.85 0.09 341
 343 7 -2.71 12.1 -1.85 0.09 342
 344 7 -3.07 12.38 -1.85 0.09 343
 345 7 -3.6 13.21 -1.85 0.09 344
 346 7 -3.98 13.47 -1.85 0.09 345
 347 7 -4.9 14.14 -1.85 0.09 346
 348 7 -5.53 14.4 -1.85 0.09 347
 349 7 -5.73 14.55 -1.85 0.09 348
 350 7 -8.72 14.68 -1.85 0.09 349
 351 7 -6.46 16.65 -1.85 0.09 349
 352 7 -1.53 6.73 -2.39 0.09 335
 353 7 -1.62 7.03 -2.39 0.09 352
 354 7 -1.59 7.46 -2.39 0.09 353
 355 7 -1.37 7.75 -2.39 0.09 354
 356 7 -0.94 8.35 -2.39 0.09 355
 357 7 -0.54 8.51 -2.39 0.09 356
 358 7 0.21 8.38 -2.39 0.09 357
 359 7 0.68 8.27 -2.39 0.09 358
 360 7 0.99 8.28 -2.39 0.09 359
 361 7 1.46 8.15 -2.39 0.09 360
 362 7 1.92 8.05 -2.39 0.09 361
 363 7 2.5 7.63 -2.39 0.09 362
 364 7 3.22 7.11 -2.39 0.09 363
 365 7 2.02 -1.5 -2.39 0.09 1
 366 7 4.17 -1.25 -2.39 0.09 365
 367 7 5.46 -2.19 -2.39 0.09 366
 368 7 5.63 -2.32 -2.39 0.09 367
 369 7 4.53 -3.09 -2.39 0.09 368
 370 7 4.17 -2.82 -2.39 0.09 369
 371 7 4.05 -2.98 -2.39 0.09 370
 372 7 3.74 -3.42 -2.39 0.09 371
 373 7 3.3 -4 -2.39 0.09 372
 374 7 3.21 -4.13 -2.39 0.09 373
 375 7 7.82 -3.22 -2.52 0.09 368
 376 7 8.1 -3.22 -2.52 0.09 375
 377 7 9.13 -3.74 -2.52 0.09 376
 378 7 9.43 -3.73 -2.52 0.09 377
 379 7 10.36 -2.82 -2.33 0.09 378
 380 7 11.93 -2.61 -2.33 0.09 379
 381 7 12.03 -2.46 -2.33 0.09 380
 382 7 12.92 -0.86 -2.33 0.09 381
 383 7 12.67 -0.44 -2.33 0.09 382
 384 7 12.6 -0.15 -2.33 0.09 383
 385 7 12.28 0.95 -2.27 0.09 384
 386 7 12.39 1.1 -2.27 0.09 385
 387 7 14.78 2.05 -1.62 0.09 386
 388 7 14.89 2.21 -1.5 0.09 387
 389 7 16.88 1.87 -0.62 0.09 388
 390 7 17.37 1.75 -0.62 0.09 389
 391 7 18.25 1.79 -0.6 0.09 390
 392 7 16.98 0.44 -0.6 0.09 391
 393 7 17.36 0.18 -0.6 0.09 392
 394 7 17.73 -0.07 -0.6 0.09 393
 395 7 17.97 -0.49 -0.6 0.09 394
 396 7 18.17 -0.62 -0.6 0.09 395
 397 7 20.5 3.3 -0.6 0.09 391
 398 7 22.06 2.39 0.25 0.09 397
 399 7 23.2 2 0.4 0.09 398
 400 7 23.17 1.58 0.46 0.09 399
 401 7 23.27 1.29 0.46 0.09 400
 402 7 23.6 0.61 0.46 0.09 401
 403 7 23.67 0.33 0.46 0.09 402
 404 7 23.93 -0.09 0.46 0.09 403
 405 7 24.12 -0.21 0.46 0.09 404
 406 7 24.67 -0.62 0.46 0.09 405
 407 7 24.85 -0.75 0.46 0.09 406
 408 7 25.67 -1.55 0.46 0.09 407
 409 7 26.77 -2.36 0.46 0.09 408
 410 7 28.36 -3.31 0.46 0.09 409
 411 7 28.82 -3.42 0.46 0.09 410
 412 7 29.12 -3.4 0.46 0.09 411
 413 7 30.47 -3.49 0.46 0.09 412
 414 7 30.76 -3.48 0.46 0.09 413
 415 7 31.06 -3.47 0.46 0.09 414
 416 7 31.61 -3.86 0.46 0.09 415
 417 7 31.7 -3.73 0.46 0.09 416
 418 7 33.33 -4.23 0.46 0.09 417
 419 7 33.72 -4.05 0.46 0.09 418
 420 7 34.2 -4.17 0.46 0.09 419
 421 7 34.49 -4.17 0.46 0.09 420
 422 7 21.73 4.65 -0.4 0.09 397
 423 7 20.61 6.17 -0.2 0.09 422
 424 7 20.22 6.44 -0.2 0.09 423
 425 7 20.04 6.57 -0.2 0.09 424
 426 7 19.94 6.42 -0.2 0.09 425
 427 7 18.62 5.78 0.46 0.09 426
 428 7 18.39 6.63 0.5 0.09 427
 429 7 18.14 7.05 0.5 0.09 428
 430 7 18.06 7.34 0.5 0.09 429
 431 7 17.71 8.03 0.5 0.09 430
 432 7 17.65 8.31 0.5 0.09 431
 433 7 17.68 8.75 0.5 0.09 432
 434 7 17.62 9.02 0.5 0.09 433
 435 7 18.14 9.76 0.5 0.09 434
 436 7 18.26 9.9 0.5 0.09 435
 437 7 19.44 11.52 0.5 0.09 436
 438 7 20.28 11.14 0.5 0.09 437
 439 7 20.93 10.88 0.5 0.09 438
 440 7 21.29 10.61 0.5 0.09 439
 441 7 21.96 10.35 0.5 0.09 440
 442 7 22.26 10.38 0.5 0.09 441
 443 7 22.72 10.26 0.5 0.09 442
 444 7 24.97 10.64 0.5 0.09 443
 445 7 25.38 10.8 0.5 0.09 444
 446 7 17.86 5.9 1.53 0.09 427
 447 7 16.57 4.13 1.53 0.09 446
 448 7 16.77 4.01 1.53 0.09 447
 449 7 16.54 3.72 1.53 0.09 448
 450 7 16.44 3.55 1.53 0.09 449
 451 7 16.29 8.4 1.5 0.09 446
 452 7 15.18 9.22 1.5 0.09 451
 453 7 14.61 9.18 1.5 0.09 452
 454 7 14.31 9.17 1.5 0.09 453
 455 7 13.82 9.28 1.5 0.09 454
 456 7 13.65 9.4 1.5 0.09 455
 457 7 13.18 9.55 1.5 0.09 456
 458 7 12.27 10.22 1.5 0.09 457
 459 7 11.6 10.47 1.5 0.09 458
 460 7 11.23 10.72 1.5 0.09 459
 461 7 10.68 11.14 1.5 0.09 460
 462 7 10.52 14.4 1.5 0.09 461
 463 7 10.56 14.84 1.5 0.09 462
 464 7 10.67 15 1.5 0.09 463
 465 7 10.43 15.85 1.5 0.09 464
 466 7 10.35 16.12 1.5 0.09 465
 467 7 10.1 16.54 1.5 0.09 466
 468 7 10.11 16.96 1.5 0.09 467
 469 7 9.86 17.37 1.5 0.09 468
 470 7 9.97 17.52 1.5 0.09 469
 471 7 23.45 5.44 0 0.09 422
 472 7 25.11 4.23 0.4 0.09 471
 473 7 26.23 7.69 0.05 0.09 471
 474 7 11.98 3.65 -2.33 0.09 386
 475 7 10.72 5.01 -2.33 0.09 474
 476 7 10.47 5.42 -2.33 0.09 475
 477 7 9.56 6.11 -2.33 0.09 476
 478 7 9.28 6.51 -2.33 0.09 477
 479 7 8.9 6.78 -2.33 0.09 478
 480 7 8.17 7.32 -2.33 0.09 479
 481 7 13.27 8.13 -2 0.09 474
 482 7 15 7.78 -2 0.09 481
 483 7 15.4 7.92 -2 0.09 482
 484 7 15.97 7.96 -2 0.09 483
 485 7 16.07 8.11 -2 0.09 484
 486 7 13.72 10.27 -1.37 0.09 481
 487 7 14.03 10.72 -1.37 0.09 486
 488 7 14.55 11.02 -1.37 0.09 487
 489 7 14.77 11.31 -1.37 0.09 488
 490 7 14.97 11.61 -1.37 0.09 489
 491 7 15.01 12.03 -1.37 0.09 490
 492 7 15.06 12.92 -1.37 0.09 491
 493 7 15.17 13.06 -1.37 0.09 492
 494 7 14.98 13.18 -1.37 0.09 493
 495 7 14.92 13.47 -1.37 0.09 494
 496 7 14.94 13.89 -1.37 0.09 495
 497 7 14.76 14.02 -1.37 0.09 496
 498 7 14.02 14.56 -1.37 0.09 497
 499 7 13.1 15.23 -1.37 0.09 498
 500 7 12.92 15.36 -1.37 0.09 499
 501 7 12.35 15.77 -1.37 0.09 500
 502 7 12.27 16.05 -1.37 0.09 501
 503 7 12.51 16.37 -1.37 0.09 502
 504 7 15.96 16.09 -1.37 0.09 497
 505 7 16.18 16.37 -1.37 0.09 504
 506 7 16.39 16.68 -1.37 0.09 505
 507 7 16.8 16.82 -1.37 0.09 506
 508 7 17.28 16.7 -1.37 0.09 507
 509 7 17.94 16.46 -1.37 0.09 508
 510 7 19.14 15.8 -1.37 0.09 509
 511 7 12.09 -2.5 -0.46 0.09 379
 512 7 9.5 -4.01 -2.45 0.09 511
 513 7 9.23 -6.3 -2.45 0.09 512
 514 7 8.93 -6.73 -2.45 0.09 513
 515 7 8.76 -7.75 -2.45 0.09 514
 516 7 8.43 -8.18 -2.45 0.09 515
 517 7 8.32 -8.34 -2.45 0.09 516
 518 7 8 -8.78 -2.45 0.09 517
 519 7 7.57 -9.36 -2.45 0.09 518
 520 7 7.46 -9.52 -2.45 0.09 519
 521 7 13.22 -5.67 -2.79 0.09 512
 522 7 10.09 -6.67 -2.45 0.09 521
 523 7 10.27 -6.82 -2.45 0.09 522
 524 7 10.8 -7.65 -2.45 0.09 523
 525 7 7.69 -7.65 -2.45 0.09 524
 526 7 7.51 -7.51 -2.45 0.09 525
 527 7 6.73 -7.4 -2.45 0.09 526
 528 7 6.28 -7.28 -2.45 0.09 527
 529 7 6.15 -7.44 -2.45 0.09 528
 530 7 5.96 -7.3 -2.45 0.09 529
 531 7 13.22 -8.96 -2.14 0.09 524
 532 7 12.9 -7.84 -2.14 0.09 531
 533 7 12.65 -7.44 -2.14 0.09 532
 534 7 12.47 -7.3 -2.14 0.09 533
 535 7 11.84 -6.61 -2.14 0.09 534
 536 7 11.59 -6.19 -2.14 0.09 535
 537 7 11.39 -6.05 -2.14 0.09 536
 538 7 10.94 -5.5 -2.14 0.09 537
 539 7 10.22 -4.96 -2.14 0.09 538
 540 7 9.75 -3.27 -2.14 0.09 539
 541 7 9.5 -2.85 -2.14 0.09 540
 542 7 9.31 -2.73 -2.14 0.09 541
 543 7 8.76 -2.31 -2.14 0.09 542
 544 7 8.48 -1.91 -2.14 0.09 543
 545 7 14.1 -10.06 -2.14 0.09 531
 546 7 14.02 -11.36 -1.77 0.09 545
 547 7 13.6 -11.94 -1.77 0.09 546
 548 7 13.67 -12.23 -1.77 0.09 547
 549 7 13.17 -13.68 -1.77 0.09 548
 550 7 12.97 -13.96 -1.77 0.09 549
 551 7 13.03 -14.25 -1.77 0.09 550
 552 7 12.93 -14.4 -1.77 0.09 551
 553 7 15.64 -10.27 -2.08 0.09 545
 554 7 16.47 -12.23 -1.12 0.09 553
 555 7 16.75 -12.65 -1.12 0.09 554
 556 7 16.81 -12.93 -1.12 0.09 555
 557 7 16.6 -13.23 -1.12 0.09 556
 558 7 16.78 -13.38 -1.12 0.09 557
 559 7 20.18 -10.64 -2 0.18 553
 560 7 22.2 -10.98 -2 0.18 559
 561 7 22.37 -11.13 -2 0.18 560
 562 7 13.56 -5.82 -2.83 0.09 521
 563 7 14.01 -5.94 -2.83 0.09 562
 564 7 16.01 -5.13 -2.83 0.09 563
 565 7 18.32 -8.17 -2.83 0.09 564
 566 7 18.62 -9.3 -2.83 0.09 565
 567 7 19.29 -10.69 -2.83 0.09 566
 568 7 19.56 -11.11 -2.83 0.09 567
 569 7 19.93 -11.38 -2.83 0.09 568
 570 7 19.88 -11.81 -2.83 0.09 569
 571 7 20.25 -12.5 -2.83 0.09 570
 572 7 17.59 -4.92 -2.83 0.09 564
 573 7 17.89 -4.48 -2.83 0.09 572
 574 7 18.98 -4.15 -2.83 0.09 573
 575 7 19.1 -4 -2.83 0.09 574
 576 7 19.39 -4 -2.83 0.09 575
 577 7 19.69 -3.98 -2.89 0.09 576
 578 7 20.09 -3.81 -2.89 0.09 577
 579 7 20.77 -3.64 -3.45 0.09 578
 580 7 20.98 -3.33 -3.58 0.09 579
 581 7 21.28 -3.33 -3.58 0.09 580
 582 7 21.38 -3.19 -3.58 0.09 581
 583 7 22.51 -2.43 -3.64 0.09 582
 584 7 23.59 -0.94 -3.64 0.09 583
 585 7 24.47 -0.49 -3.64 0.09 584
 586 7 24.92 0.1 -3.64 0.09 585
 587 7 25.31 0.25 -3.64 0.09 586
 588 7 25.42 0.4 -3.64 0.09 587
 589 7 12.32 -2.45 -0.2 0.09 511
 590 7 14.26 0.18 -0.2 0.09 589
 591 7 14.3 0.62 -0.2 0.09 590
 592 7 14.61 1.05 -0.2 0.09 591
 593 7 15.22 1.5 -0.2 0.09 592
 594 7 15.65 2.09 -0.2 0.09 593
 595 7 15.68 2.52 -0.2 0.09 594
 596 7 15.9 2.82 -0.2 0.09 595
 597 7 16.54 3.72 -0.2 0.09 596
 598 7 17.2 4.59 -0.2 0.09 597
 599 7 17.32 5.17 -0.2 0.09 598
 600 7 17.54 5.46 -0.2 0.09 599
 601 7 17.59 5.9 -0.2 0.09 600
 602 7 17.79 6.19 -0.2 0.09 601
 603 7 17.7 6.46 -0.2 0.09 602
 604 7 17.81 6.61 -0.2 0.09 603
 605 7 14.1 -4.65 -0.2 0.09 589
 606 7 15.86 -4.57 -0.2 0.09 605
 607 7 16.52 -4.82 -0.2 0.09 606
 608 7 17.14 -5.51 -0.2 0.09 607
 609 7 16.94 -5.8 -0.2 0.09 608
 610 7 17 -7.65 -0.2 0.09 609
 611 7 16.78 -7.96 -0.2 0.09 610
 612 7 16.87 -8.22 -0.2 0.09 611
 613 7 16.54 -8.68 -0.2 0.09 612
 614 7 16.31 -8.97 -0.2 0.09 613
 615 7 16.12 -9.27 -0.2 0.09 614
 616 7 15.52 -9.3 -0.2 0.09 615
 617 7 15.42 -9.46 -0.2 0.09 616
 618 7 1.62 -1.63 0.46 0.09 1
 619 7 1.62 -3.22 0.46 0.09 618
 620 7 0.37 -5.69 0.46 0.09 619
 621 7 1.91 -7.03 0.46 0.09 620
 622 7 1.86 -7.9 0.46 0.09 621
 623 7 -0.28 -7.01 1.21 0.09 620
 624 7 -0.61 -7.46 1.21 0.09 623
 625 7 -1.03 -8.05 1.21 0.09 624
 626 7 -1.25 -8.35 1.21 0.09 625
 627 7 -1.44 -8.21 1.21 0.09 626
 628 7 -1.95 -8.5 1.21 0.09 627
 629 7 -2.13 -8.38 1.21 0.09 628
 630 7 -2.92 -9.84 1.21 0.09 629
 631 7 -2.85 -11.68 1.13 0.09 630
 632 7 -2.5 -12.38 1.13 0.09 631
 633 7 -2.36 -12.94 1.13 0.09 632
 634 7 -1.9 -13.51 1.13 0.09 633
 635 7 -1.65 -13.9 1.13 0.09 634
 636 7 -1.27 -14.18 1.13 0.09 635
 637 7 -0.76 -15.01 1.13 0.09 636
 638 7 -0.01 -15.55 1.13 0.09 637
 639 7 0.03 -15.84 1.13 0.09 638
 640 7 0.4 -16.11 1.13 0.09 639
 641 7 0.67 -16.52 1.13 0.09 640
 642 7 -4.38 -11.47 1.28 0.09 630
 643 7 -6.48 -12.42 1.28 0.09 642
 644 7 -5.09 -13.21 1.28 0.09 642
 645 7 -5.3 -13.51 1.28 0.09 644
 646 7 -5.71 -13.65 1.28 0.09 645
 647 7 -5.98 -13.68 1.28 0.09 646
 648 7 -6.28 -13.69 1.28 0.09 647
 649 7 -6.38 -14.97 1.28 0.09 648
 650 7 -6.8 -15.57 1.28 0.09 649
 651 7 -7.05 -16.3 1.28 0.09 650
 652 7 -7.07 -16.71 1.28 0.09 651
 653 7 -6.9 -16.85 1.28 0.09 652
 654 7 -6.82 -17.12 1.28 0.09 653
 655 7 -6.55 -17.55 1.28 0.09 654
 656 7 -6.65 -17.7 1.28 0.09 655
 657 7 1.92 -5.48 -0.54 0.18 619
 658 7 2.65 -6.44 -0.54 0.09 657
 659 7 3.09 -7.01 -0.54 0.09 658
 660 7 3.46 -7.26 -0.54 0.09 659
 661 7 4.15 -7.09 -0.54 0.09 660
 662 7 4.36 -6.8 -0.54 0.09 661
 663 7 4.48 -6.65 -0.54 0.09 662
 664 7 4.67 -6.78 -0.54 0.09 663
 665 7 0.97 -6.8 -0.54 0.09 657
 666 7 0.75 -7.11 -0.54 0.09 665
 667 7 0.83 -7.4 -0.54 0.09 666
 668 7 1.01 -7.53 -0.54 0.09 667
